0
2
3
4
7
11
12
13
14
15
17
18
19
21
23
24
25
26
27
28
29
31
32
34
38
40
41
46
48
50
51
57
58
59
60
61
62
63
64
65
66
67
69
70
73
75
77
78
79
80
82
84
85
88
90
91
92
93
95
96
98
102
105
107
110
111
112
116
117
120
121
123
125
126
130
133
135
137
138
139
140
142
143
144
145
148
149
151
153
154
156
157
158
162
163
165
166
167
168
169
170
171
172
173
174
176
178
180
181
182
183
185
186
189
190
191
192
193
194
195
198
200
201
204
210
211
214
218
219
220
221
223
224
225
226
230
232
233
234
235
236
238
239
241
244
245
251
255
258
259
263
264
265
266
268
270
271
272
274
279
281
282
285
287
288
289
290
292
294
295
296
297
298
300
301
302
303
304
305
307
308
309
310
311
312
313
316
317
318
320
321
322
326
327
329
334
335
339
341
343
344
345
346
347
348
349
350
351
352
353
354
355
356
357
359
360
361
362
363
365
366
368
369
370
371
373
374
376
377
379
380
381
383
384
385
386
387
388
389
390
393
394
395
399
401
403
404
409
411
413
414
415
416
417
418
419
420
425
427
430
432
433
435
437
438
439
440
447
448
449
450
452
453
454
456
457
459
460
461
462
463
465
470
473
474
475
480
481
482
484
485
486
487
489
493
495
496
498
500
501
505
506
510
511
512
515
516
517
518
520
521
523
525
526
529
531
533
535
537
538
539
540
542
544
545
546
548
549
550
553
554
555
557
560
563
564
567
568
569
570
571
573
574
575
576
577
580
581
582
585
586
587
590
591
592
593
594
595
596
599
600
601
602
603
604
605
606
607
608
609
611
612
613
617
618
619
620
621
623
624
625
626
627
628
631
633
635
636
638
640
642
643
644
645
648
649
652
653
654
658
661
662
663
665
668
669
671
672
674
675
677
678
679
680
683
684
687
690
691
692
694
695
696
697
698
700
701
702
705
706
708
709
710
711
712
713
716
717
718
719
721
722
724
725
726
730
731
732
734
735
736
738
739
740
741
742
747
749
750
751
752
753
754
755
757
758
760
761
762
763
764
765
766
770
772
773
775
777
778
779
782
784
786
787
789
790
793
794
796
798
801
804
806
807
808
809
810
811
813
814
816
820
821
823
824
825
826
827
829
831
833
835
839
840
841
842
843
844
849
850
851
852
853
856
857
858
859
861
864
865
867
869
871
872
873
874
875
876
877
878
881
882
883
884
885
886
887
888
891
894
896
897
898
899
900
901
902
903
907
908
910
911
912
913
914
915
916
917
918
919
921
922
924
926
928
929
930
934
935
936
937
941
942
944
946
947
952
953
954
955
956
957
958
959
963
964
969
972
974
975
976
977
979
980
982
984
986
987
988
991
993
997
999
