0 6.09188
100 6.09058
200 6.09066
300 6.08939
400 6.08942
500 6.08915
600 6.08911
700 6.08913
800 6.08722
900 6.08622
1000 6.08528
1100 6.08442
1200 6.08376
1300 6.08288
1400 6.08151
1500 6.08158
1600 6.08204
1700 6.08263
1800 6.0828
1900 6.08294
2000 6.08356
2100 6.08151
2200 6.08082
2300 6.08018
2400 6.07865
2500 6.07913
2600 6.07865
2700 6.07641
2800 6.07595
2900 6.07475
3000 6.07567
3100 6.0755
3200 6.07347
3300 6.07391
3400 6.07429
3500 6.07308
3600 6.07203
3700 6.07024
3800 6.06947
3900 6.06925
4000 6.06823
4100 6.06818
4200 6.06728
4300 6.06808
4400 6.06646
4500 6.06519
4600 6.06384
4700 6.06364
4800 6.06328
4900 6.06241
5000 6.06047
5100 6.05884
5200 6.0584
5300 6.05751
5400 6.05714
5500 6.05642
5600 6.05561
5700 6.05481
5800 6.05487
5900 6.05511
6000 6.05429
6100 6.05254
6200 6.05161
6300 6.05035
6400 6.05011
6500 6.04965
6600 6.04906
6700 6.04948
6800 6.04852
6900 6.04735
7000 6.04633
7100 6.04465
7200 6.04481
7300 6.04512
7400 6.0461
7500 6.04548
7600 6.0456
7700 6.04471
7800 6.04533
7900 6.04449
8000 6.04315
8100 6.04312
8200 6.03997
8300 6.0396
8400 6.04005
8500 6.04003
8600 6.03874
8700 6.0374
8800 6.0369
8900 6.0361
9000 6.03535
9100 6.03604
9200 6.03472
9300 6.0354
9400 6.03457
9500 6.03325
9600 6.03353
9700 6.0334
9800 6.03412
9900 6.03457
