#dt:0.001
#num_trajs:100
1.71941 1.8505 1.96249 2.04937 2.11208 2.14689 2.14903 2.12137 2.06602 1.98131 1.86967 1.73691 1.58439 1.41365 1.22746 1.02942 0.820349 0.601411 0.376154 0.147991 
2.7266 2.75033 2.74597 2.71284 2.6492 2.55735 2.44144 2.30185 2.13948 1.95939 1.76652 1.5615 1.34573 1.12312 0.900084 0.681601 0.467771 0.256341 0.0457907 -0.163007 
0.425879 0.498927 0.573249 0.648009 0.721923 0.793151 0.859986 0.921051 0.974966 1.0203 1.05594 1.08142 1.0966 1.10135 1.09574 1.08012 1.05502 1.02112 0.979195 0.930154 
-0.905102 -0.744197 -0.580268 -0.412339 -0.236508 -0.0519717 0.138883 0.332172 0.522432 0.706125 0.880765 1.04644 1.20593 1.36029 1.50422 1.6293 1.73499 1.8238 1.89307 1.94052 
-0.0399634 -0.0313806 -0.0234606 -0.0157476 -0.00794184 -0.000569789 0.00582723 0.0119408 0.0169215 0.0208787 0.0243401 0.0260278 0.026516 0.0260677 0.0244754 0.021778 0.0170986 0.0110519 0.00454211 -0.00376654 
-0.261972 -0.324944 -0.383045 -0.434679 -0.479714 -0.517405 -0.548101 -0.57138 -0.586831 -0.594208 -0.591691 -0.581456 -0.563602 -0.537095 -0.503329 -0.463171 -0.415264 -0.360169 -0.298866 -0.23289 
-0.000595687 -0.00142699 -0.0022602 -0.0030946 -0.00391107 -0.0046993 -0.00548053 -0.00624684 -0.00700885 -0.00776672 -0.00845801 -0.00907478 -0.00961274 -0.0100173 -0.0102886 -0.0104624 -0.0104973 -0.0103898 -0.0101829 -0.0098705 
0.269188 0.218282 0.160194 0.0955034 0.0247412 -0.0516443 -0.132894 -0.218333 -0.306048 -0.395241 -0.484472 -0.572638 -0.65822 -0.739473 -0.814726 -0.882401 -0.941133 -0.989364 -1.02575 -1.04916 
0.137557 0.120169 0.103756 0.0860244 0.0653996 0.0403128 0.0107388 -0.0214837 -0.0549803 -0.0868272 -0.115116 -0.13776 -0.15507 -0.170329 -0.187328 -0.208206 -0.230432 -0.253775 -0.275477 -0.292571 
0.229371 0.187628 0.14555 0.103554 0.0608986 0.0181344 -0.0241473 -0.0656243 -0.105791 -0.143963 -0.179481 -0.21209 -0.241953 -0.268843 -0.292067 -0.310982 -0.324964 -0.333572 -0.336707 -0.334424 
1.41297 1.45141 1.47758 1.49413 1.50043 1.49467 1.47652 1.44653 1.40189 1.34434 1.27368 1.19081 1.09805 0.992129 0.877504 0.750414 0.614034 0.46797 0.313374 0.153707 
-0.869823 -0.936545 -1.00111 -1.06208 -1.11908 -1.17399 -1.23003 -1.28933 -1.34965 -1.40684 -1.45861 -1.50971 -1.56062 -1.6126 -1.66474 -1.71505 -1.76094 -1.80506 -1.84785 -1.89084 
1.27497 1.08203 0.883082 0.680707 0.476278 0.270181 0.0665111 -0.12789 -0.312488 -0.483157 -0.641582 -0.789047 -0.924798 -1.04831 -1.15562 -1.24387 -1.31021 -1.35645 -1.38386 -1.3927 
0.280569 0.286758 0.289804 0.289644 0.286306 0.280366 0.27112 0.258016 0.240817 0.219149 0.193901 0.165821 0.135347 0.103406 0.0698315 0.0350484 -0.000304686 -0.0367431 -0.0741575 -0.112357 
-0.16509 -0.219559 -0.2765 -0.332714 -0.38844 -0.4442 -0.499363 -0.553632 -0.607745 -0.66084 -0.712783 -0.764153 -0.814406 -0.863333 -0.9111 -0.957686 -1.00287 -1.04646 -1.08839 -1.12864 
-6.08648 -6.09819 -6.10011 -6.09855 -6.09433 -6.08163 -6.05797 -6.02864 -5.99757 -5.95523 -5.90185 -5.84832 -5.7891 -5.71705 -5.64112 -5.56433 -5.47923 -5.38419 -5.2877 -5.19023 
-2.87889 -2.83651 -2.78423 -2.72429 -2.65744 -2.5814 -2.4983 -2.40561 -2.30203 -2.18991 -2.06815 -1.93505 -1.79648 -1.65128 -1.50219 -1.3522 -1.19957 -1.04787 -0.895537 -0.744196 
-1.03573 -1.11024 -1.1825 -1.24688 -1.30467 -1.3651 -1.42011 -1.47356 -1.52579 -1.57381 -1.61254 -1.63803 -1.6474 -1.6475 -1.64915 -1.65407 -1.65694 -1.64979 -1.6317 -1.60833 
-0.456583 -0.438718 -0.422936 -0.40486 -0.383359 -0.359019 -0.331854 -0.304403 -0.278313 -0.247925 -0.215622 -0.18522 -0.154675 -0.120704 -0.0842943 -0.048121 -0.0127877 0.022444 0.0542628 0.0819428 
-0.52683 -0.620298 -0.716123 -0.813732 -0.911819 -1.00943 -1.10553 -1.20091 -1.29597 -1.39077 -1.48496 -1.57788 -1.66838 -1.75559 -1.84027 -1.92291 -2.00384 -2.08267 -2.15902 -2.23201 
0.435307 0.367556 0.300886 0.233336 0.168185 0.103546 0.0420312 -0.0175428 -0.0731948 -0.127652 -0.179795 -0.230222 -0.277472 -0.320802 -0.360013 -0.392748 -0.420244 -0.439238 -0.449827 -0.452255 
0.153337 0.191846 0.228994 0.264581 0.296753 0.324527 0.348055 0.367925 0.384266 0.397001 0.405724 0.409789 0.409116 0.404192 0.395492 0.383144 0.367091 0.34691 0.321898 0.292137 
-0.201895 -0.247199 -0.292394 -0.336677 -0.379638 -0.420842 -0.459443 -0.495379 -0.527755 -0.556452 -0.580537 -0.59966 -0.61319 -0.620887 -0.622917 -0.618884 -0.60902 -0.59307 -0.571041 -0.543184 
1.89908 1.54912 1.18203 0.807052 0.431541 0.0587925 -0.314507 -0.68689 -1.0527 -1.40978 -1.75592 -2.08908 -2.41788 -2.74613 -3.06744 -3.37932 -3.68024 -3.97253 -4.26392 -4.5503 
-0.0125918 -0.00844999 -0.00305168 0.00383215 0.0117821 0.0209214 0.0308502 0.0416941 0.0529851 0.0647695 0.0770429 0.0899208 0.10309 0.1163 0.129126 0.141331 0.152371 0.162062 0.170051 0.176586 
-0.022324 -0.0102829 0.00276825 0.0171842 0.0331962 0.0503749 0.0692799 0.0896998 0.111183 0.133392 0.155011 0.175891 0.196149 0.214637 0.230558 0.243727 0.254214 0.26221 0.26758 0.270649 
1.16767 1.26146 1.34275 1.41165 1.4675 1.51055 1.54 1.55572 1.558 1.5466 1.52225 1.485 1.43593 1.37473 1.30126 1.2156 1.11797 1.00893 0.889385 0.759908 
-1.63701 -1.8876 -2.13481 -2.37722 -2.61414 -2.84711 -3.07717 -3.30419 -3.52838 -3.7488 -3.96471 -4.17577 -4.38075 -4.5787 -4.76894 -4.95059 -5.12287 -5.285 -5.4363 -5.5759 
-7.56217 -7.46393 -7.35265 -7.22562 -7.08684 -6.93371 -6.76745 -6.58954 -6.39845 -6.19675 -5.98323 -5.7589 -5.52289 -5.27649 -5.01708 -4.74807 -4.46285 -4.17021 -3.85927 -3.54225 
-8.72758 -9.19789 -9.63993 -10.0663 -10.4853 -10.8869 -11.2603 -11.6163 -11.9489 -12.2523 -12.5287 -12.778 -12.998 -13.1845 -13.3385 -13.4595 -13.5471 -13.6006 -13.6158 -13.5928 
12.1877 11.9669 11.7275 11.4702 11.1968 10.9074 10.6024 10.2844 9.9528 9.60855 9.25441 8.88834 8.51202 8.12839 7.73523 7.33492 6.92944 6.51732 6.10074 5.68037 
15.1853 15.0111 14.8079 14.5758 14.3153 14.0275 13.714 13.3764 13.0162 12.6343 12.2321 11.8118 11.3754 10.925 10.4622 9.98868 9.50562 9.01441 8.5166 8.01388 
22.5407 23.1961 23.7844 24.3002 24.7386 25.0944 25.3637 25.543 25.6297 25.6229 25.5235 25.3326 25.0517 24.6838 24.2337 23.707 23.1086 22.444 21.7192 20.9401 
23.9227 23.6421 23.2995 22.8967 22.4313 21.9107 21.3439 20.73 20.0656 19.3591 18.618 17.8368 17.0187 16.1789 15.3168 14.4232 13.5166 12.6115 11.6947 10.7571 
25.499 25.5193 25.4611 25.3236 25.1089 24.821 24.4619 24.0337 23.5413 22.991 22.385 21.7266 21.0192 20.2695 19.482 18.6589 17.806 16.9279 16.026 15.1018 
24.1119 24.1615 24.1414 24.0527 23.8961 23.6721 23.3816 23.0261 22.6086 22.1334 21.605 21.027 20.4031 19.7382 19.0371 18.3035 17.54 16.7489 15.9336 15.0982 
23.4997 23.3263 23.0911 22.7951 22.4427 22.0358 21.5764 21.0634 20.4955 19.8753 19.2112 18.5117 17.7847 17.0283 16.2376 15.406 14.5375 13.6452 12.7391 11.8208 
-21.0214 -21.134 -21.1911 -21.1925 -21.139 -21.0271 -20.8615 -20.6397 -20.3655 -20.0413 -19.6684 -19.2511 -18.7913 -18.2919 -17.7588 -17.1894 -16.5925 -15.9646 -15.3087 -14.631 
-14.2263 -13.9322 -13.6124 -13.2704 -12.9067 -12.5228 -12.1206 -11.7006 -11.2662 -10.8147 -10.3474 -9.8665 -9.36916 -8.85775 -8.3331 -7.79413 -7.24111 -6.67431 -6.09442 -5.49528 
-11.8359 -11.6012 -11.3435 -11.0669 -10.768 -10.4498 -10.1165 -9.76535 -9.4023 -9.02848 -8.64073 -8.24549 -7.83842 -7.41754 -6.98754 -6.54012 -6.08036 -5.60851 -5.11904 -4.62023 
11.8233 11.9372 11.9988 12.0136 11.9833 11.8969 11.7663 11.6056 11.3973 11.1332 10.8302 10.4914 10.1237 9.72794 9.31192 8.87185 8.40906 7.92428 7.43388 6.95101 
-14.9075 -14.4103 -13.8928 -13.3583 -12.8085 -12.2402 -11.6523 -11.0476 -10.4336 -9.81506 -9.1952 -8.57536 -7.95725 -7.34005 -6.72941 -6.13534 -5.56146 -5.01952 -4.51534 -4.0414 
-18.0546 -18.513 -18.9316 -19.3029 -19.6232 -19.8972 -20.1212 -20.2879 -20.3959 -20.45 -20.4487 -20.383 -20.2651 -20.0894 -19.8548 -19.5693 -19.2332 -18.847 -18.4159 -17.9431 
-14.661 -15.0748 -15.4632 -15.8241 -16.1551 -16.4514 -16.7066 -16.9156 -17.0772 -17.1949 -17.271 -17.306 -17.2982 -17.2469 -17.1529 -17.017 -16.8398 -16.6176 -16.3464 -16.0308 
14.9043 15.1013 15.2517 15.3584 15.4084 15.4048 15.3453 15.2247 15.0424 14.8006 14.5068 14.1725 13.7904 13.352 12.8643 12.3305 11.7577 11.1521 10.5171 9.85685 
8.86025 8.60179 8.33476 8.05843 7.77114 7.47314 7.1681 6.86079 6.55324 6.24261 5.92235 5.59032 5.25279 4.91758 4.58975 4.2722 3.96825 3.68269 3.41818 3.17476 
-5.58538 -5.6135 -5.63197 -5.64159 -5.64243 -5.63682 -5.62402 -5.60513 -5.57974 -5.54802 -5.51098 -5.46841 -5.42048 -5.36774 -5.30608 -5.23557 -5.15374 -5.05903 -4.95312 -4.83511 
10.0905 10.3426 10.577 10.7932 10.9911 11.1698 11.3288 11.4677 11.5863 11.6844 11.7615 11.8171 11.8505 11.8615 11.85 11.8163 11.7608 11.6838 11.5858 11.4673 
-6.65714 -7.00989 -7.35494 -7.69127 -8.01815 -8.33472 -8.63977 -8.93225 -9.21132 -9.47594 -9.7249 -9.95711 -10.1714 -10.3666 -10.542 -10.6967 -10.8298 -10.9402 -11.0273 -11.0905 
3.78355 3.92648 4.06627 4.20287 4.33414 4.46165 4.58311 4.69883 4.80886 4.91163 5.00901 5.09957 5.18367 5.26164 5.33297 5.39859 5.4578 5.51075 5.55742 5.59731 
3.10049 3.2953 3.50269 3.72953 3.9601 4.19784 4.4413 4.69237 4.94 5.19228 5.44367 5.69062 5.93532 6.17308 6.39868 6.61453 6.82407 7.01919 7.20345 7.38167 
3.46313 3.36725 3.24097 3.09571 2.92599 2.73073 2.50149 2.23289 1.94011 1.6343 1.33196 1.03371 0.736622 0.427896 0.10466 -0.24368 -0.607487 -0.977798 -1.35007 -1.70699 
-1.08798 -1.05002 -1.00815 -0.961105 -0.909704 -0.854098 -0.793662 -0.72848 -0.661178 -0.589046 -0.512681 -0.43464 -0.357561 -0.278696 -0.197193 -0.115727 -0.0321074 0.0528298 0.137574 0.218735 
2.10048 2.4816 2.87139 3.26606 3.66446 4.06346 4.45889 4.85114 5.23695 5.61482 5.98353 6.34009 6.68288 7.00893 7.31559 7.59986 7.85826 8.08782 8.2857 8.44883 
-4.87868 -4.62779 -4.36861 -4.10451 -3.84425 -3.58462 -3.32309 -3.05936 -2.79715 -2.54206 -2.29954 -2.06182 -1.81414 -1.55248 -1.2832 -1.01278 -0.747437 -0.490551 -0.240454 0.0058966 
-7.00744 -6.94896 -6.87917 -6.80211 -6.71622 -6.62264 -6.52242 -6.41427 -6.30117 -6.17945 -6.05395 -5.91994 -5.78221 -5.63793 -5.48984 -5.33771 -5.18077 -5.02228 -4.85871 -4.69511 
-4.65357 -4.63554 -4.60843 -4.57685 -4.53379 -4.47715 -4.41012 -4.33472 -4.25395 -4.16414 -4.0615 -3.95184 -3.83332 -3.70809 -3.56927 -3.41418 -3.24862 -3.06698 -2.86681 -2.65678 
-10.2071 -10.1406 -10.0595 -9.96321 -9.85039 -9.72093 -9.57543 -9.4161 -9.24395 -9.05976 -8.86297 -8.65276 -8.42815 -8.18909 -7.93693 -7.67319 -7.39985 -7.11761 -6.82583 -6.52576 
16.327 15.5001 14.6442 13.761 12.856 11.9362 11.007 10.0707 9.12653 8.174 7.21963 6.27763 5.3593 4.45397 3.54135 2.64956 1.79242 0.96287 0.167106 -0.613744 
19.1332 19.7702 20.361 20.8999 21.3821 21.8031 22.1582 22.4431 22.6547 22.7912 22.8514 22.8352 22.7428 22.5754 22.3349 22.0243 21.6474 21.2076 20.7081 20.1526 
19.4568 19.2563 19.0184 18.7525 18.4576 18.1309 17.7808 17.4035 17.0027 16.5796 16.154 15.7074 15.2267 14.7048 14.1337 13.4959 12.8232 12.1083 11.3533 10.5652 
-21.2339 -21.2786 -21.2667 -21.2051 -21.0909 -20.9244 -20.7045 -20.4344 -20.1189 -19.7609 -19.3646 -18.9239 -18.4381 -17.922 -17.3797 -16.814 -16.2045 -15.5701 -14.9213 -14.2586 
12.178 12.0594 11.9035 11.7129 11.5003 11.2686 11.0138 10.7393 10.4409 10.1109 9.74821 9.3586 8.94143 8.50119 8.04363 7.55678 7.04826 6.51482 5.95468 5.37915 
9.10576 9.63622 10.1532 10.6547 11.1385 11.6021 12.0435 12.461 12.8526 13.2159 13.5481 13.8466 14.1092 14.3343 14.5208 14.6671 14.7719 14.8339 14.8526 14.828 
10.5926 10.8673 11.1217 11.3541 11.5631 11.7471 11.9046 12.0347 12.1372 12.2125 12.2612 12.284 12.2816 12.2551 12.2052 12.1333 12.0399 11.9253 11.7897 11.634 
4.61401 4.59396 4.54847 4.48284 4.39702 4.30537 4.20983 4.11347 4.03045 3.9297 3.82785 3.70979 3.58146 3.43883 3.26502 3.053 2.81171 2.55069 2.26998 1.97146 
-2.33984 -2.15052 -1.95282 -1.74569 -1.52909 -1.31185 -1.09881 -0.88958 -0.685532 -0.486029 -0.301819 -0.123269 0.0564855 0.231666 0.400117 0.559029 0.704203 0.837033 0.950826 1.0466 
-2.56086 -3.01967 -3.46599 -3.90263 -4.3234 -4.73109 -5.12882 -5.51514 -5.88692 -6.24016 -6.57843 -6.89819 -7.20031 -7.48162 -7.73927 -7.97267 -8.17982 -8.35974 -8.50981 -8.62753 
-0.535025 -0.489174 -0.443557 -0.404025 -0.37255 -0.342869 -0.313102 -0.279304 -0.244082 -0.212112 -0.178913 -0.145122 -0.10767 -0.0641681 -0.0153011 0.0283668 0.0682101 0.112891 0.159427 0.207195 
-0.0187426 -0.00431153 0.00994376 0.0240679 0.038247 0.0525655 0.0666684 0.0806534 0.0946167 0.108478 0.122029 0.135346 0.147848 0.160156 0.171412 0.182943 0.195093 0.207666 0.218303 0.227015 
-0.167104 -0.231201 -0.291049 -0.346551 -0.396593 -0.440588 -0.478688 -0.51134 -0.538957 -0.561492 -0.578793 -0.59102 -0.598275 -0.599437 -0.593848 -0.581847 -0.564996 -0.543045 -0.515079 -0.481874 
-0.161783 -0.163331 -0.16542 -0.167891 -0.170754 -0.17411 -0.177676 -0.180615 -0.181842 -0.180794 -0.177434 -0.171971 -0.164896 -0.156482 -0.147028 -0.137057 -0.126961 -0.116897 -0.106862 -0.0967551 
0.000750675 0.000272986 -0.000100779 -0.000657948 -0.00125092 -0.00162885 -0.00189978 -0.0020552 -0.00213395 -0.0021886 -0.0022396 -0.00228966 -0.00235052 -0.00243114 -0.00248879 -0.002451 -0.00232447 -0.00207382 -0.00166026 -0.001037 
-0.0101687 -0.0219782 -0.033809 -0.0454327 -0.0567446 -0.0677886 -0.0780587 -0.0876571 -0.0966211 -0.104571 -0.111841 -0.11813 -0.123677 -0.128431 -0.133136 -0.137329 -0.140954 -0.144221 -0.146845 -0.149011 
-0.0103473 -0.0122705 -0.0147263 -0.0176612 -0.0212101 -0.0252345 -0.0299611 -0.0352247 -0.0411835 -0.0477056 -0.054723 -0.0621814 -0.0699322 -0.0779938 -0.0863245 -0.0948721 -0.103382 -0.111979 -0.120299 -0.12838 
-0.00807306 0.00904777 0.025998 0.0428394 0.0592492 0.0751222 0.0902665 0.104148 0.116629 0.127687 0.136946 0.144349 0.149711 0.152625 0.153382 0.15189 0.148015 0.141829 0.133442 0.12297 
-0.136253 -0.207774 -0.280418 -0.354135 -0.428228 -0.502218 -0.576224 -0.650021 -0.723055 -0.795207 -0.866492 -0.936603 -1.0053 -1.0726 -1.13839 -1.20245 -1.26474 -1.32516 -1.38335 -1.4391 
-0.288202 -0.284656 -0.273444 -0.254298 -0.227897 -0.195597 -0.156974 -0.111593 -0.0598982 -0.00152704 0.0621942 0.130717 0.202921 0.27769 0.355214 0.434766 0.515687 0.598108 0.681431 0.765642 
0.0221387 0.0155641 0.0104253 0.00682702 0.00470402 0.00422024 0.00524987 0.00786277 0.0117901 0.017283 0.0241458 0.0324763 0.0419994 0.0528567 0.0648368 0.0778303 0.0919188 0.106804 0.122351 0.138637 
0.176173 0.124507 0.0767946 0.0320052 -0.0109139 -0.0578393 -0.104242 -0.147123 -0.189316 -0.231518 -0.271585 -0.308469 -0.350771 -0.39888 -0.450692 -0.50344 -0.557129 -0.609985 -0.660404 -0.706956 
-0.318102 -0.16617 -0.0128665 0.140533 0.292354 0.440833 0.584005 0.719521 0.845139 0.959034 1.05934 1.14382 1.20984 1.25512 1.27841 1.27957 1.25951 1.21949 1.15974 1.08079 
0.180305 0.199758 0.214795 0.225513 0.232186 0.234471 0.232103 0.225104 0.213466 0.197539 0.176952 0.151639 0.121228 0.0851146 0.0434046 -0.00307445 -0.0534273 -0.107178 -0.163903 -0.222737 
-0.567256 -0.591431 -0.617356 -0.642499 -0.666875 -0.690471 -0.712386 -0.738332 -0.764907 -0.789063 -0.810038 -0.828211 -0.847174 -0.863599 -0.879961 -0.898182 -0.916053 -0.931989 -0.94426 -0.954705 
-2.43305 -2.49053 -2.54716 -2.6017 -2.65324 -2.70177 -2.74793 -2.79285 -2.83684 -2.87949 -2.91965 -2.95604 -2.98866 -3.0182 -3.0456 -3.07113 -3.09444 -3.11502 -3.13204 -3.14544 
2.07145 1.94853 1.82643 1.70607 1.5879 1.47187 1.35762 1.24489 1.13387 1.02537 0.920343 0.819485 0.723433 0.633284 0.550664 0.476772 0.41122 0.353039 0.301612 0.255286 
2.68209 2.68828 2.70024 2.7118 2.72198 2.73254 2.75127 2.78199 2.81339 2.84412 2.88386 2.93204 2.98664 3.04291 3.10157 3.16899 3.24591 3.32301 3.39803 3.47841 
0.100303 0.131479 0.164869 0.199942 0.236376 0.273963 0.312471 0.351575 0.39089 0.430097 0.469041 0.507725 0.546208 0.584492 0.622483 0.660019 0.696925 0.733069 0.768385 0.802832 
-2.40614 -2.73819 -3.06816 -3.395 -3.71871 -4.03798 -4.35143 -4.65825 -4.95697 -5.24624 -5.52541 -5.79266 -6.04789 -6.28939 -6.51701 -6.72947 -6.92629 -7.10634 -7.26869 -7.41244 
-2.7182 -2.71715 -2.71506 -2.71359 -2.7109 -2.70873 -2.70572 -2.70211 -2.69791 -2.69168 -2.68451 -2.67485 -2.66265 -2.64853 -2.63153 -2.61314 -2.59341 -2.57198 -2.55062 -2.52718 
-1.01521 -0.89551 -0.770936 -0.646549 -0.520983 -0.391148 -0.260413 -0.130623 0.000564839 0.132162 0.262653 0.390513 0.512327 0.625039 0.727921 0.820234 0.90017 0.967146 1.0213 1.06153 
1.12025 1.22702 1.32933 1.42801 1.51845 1.59164 1.66635 1.72922 1.78198 1.83855 1.89617 1.95561 2.01021 2.06108 2.11251 2.16678 2.22126 2.25437 2.27669 2.27284 
0.325228 0.328979 0.321031 0.302396 0.27374 0.239246 0.197529 0.148846 0.0938454 0.0341304 -0.0296751 -0.0959566 -0.163734 -0.229461 -0.29375 -0.353343 -0.407309 -0.454379 -0.496512 -0.531433 
1.04403 0.959604 0.869341 0.773835 0.673558 0.568837 0.45954 0.34561 0.227515 0.105901 -0.0184514 -0.144659 -0.271704 -0.39827 -0.522794 -0.643638 -0.759309 -0.868624 -0.970445 -1.06348 
-1.14326 -1.00473 -0.860514 -0.711908 -0.562448 -0.414355 -0.263792 -0.113638 0.0344665 0.180415 0.325155 0.46247 0.591641 0.714197 0.830925 0.932407 1.02307 1.09568 1.14665 1.17802 
0.0100134 0.013799 0.017157 0.0198732 0.0219093 0.0232179 0.0237259 0.0234463 0.0224182 0.0206714 0.0182979 0.0152878 0.0116781 0.0075637 0.00296049 -0.00200753 -0.00725465 -0.0126935 -0.0182315 -0.0243793 
0.660622 0.569786 0.471893 0.368728 0.26118 0.149412 0.0327685 -0.0874504 -0.209629 -0.332134 -0.453898 -0.574562 -0.69356 -0.810836 -0.9257 -1.03767 -1.14606 -1.25126 -1.353 -1.4515 
-0.342866 -0.468151 -0.590501 -0.706372 -0.816478 -0.919047 -1.00961 -1.08531 -1.14467 -1.1893 -1.21653 -1.22653 -1.21784 -1.19216 -1.1514 -1.09444 -1.02135 -0.934494 -0.834357 -0.727925 
2.35573 2.49186 2.59202 2.65361 2.67561 2.66392 2.62571 2.56167 2.47624 2.36844 2.22742 2.05502 1.85612 1.62959 1.37924 1.11277 0.833667 0.54713 0.256747 -0.0352413 
-3.67802 -3.65274 -3.57473 -3.44515 -3.26858 -3.04673 -2.78616 -2.49258 -2.16903 -1.82191 -1.45428 -1.07594 -0.690702 -0.300423 0.0874519 0.472517 0.854393 1.22552 1.5887 1.93619 
0.0131045 0.0273691 0.0417388 0.0555988 0.0693937 0.0823984 0.0947149 0.105949 0.11617 0.125435 0.13384 0.140594 0.145928 0.149847 0.151632 0.151807 0.149729 0.145963 0.14038 0.133029 
